2.00
2.00
2.00
2.00
2.00
2.00
2.00
2.00
2.00
2.00
2.00
2.00
2.00
4.80
4.80
4.80
4.80
2.00
4.80
4.80
4.80
4.80
4.80
4.80
4.80
4.80
4.80
4.80
4.80
4.17
4.17
3.71
3.71
3.71
3.56
3.56
3.56
3.56
3.56
3.56
3.56
3.56
3.56
3.56
3.56
3.56
3.56
3.56
3.56
3.56
3.56
3.56
3.56
3.56
3.56
3.56
3.56
3.56
3.56
3.56
3.56
3.56
3.56
3.56
3.56
3.56
3.56
3.56
3.56
3.56
3.56
3.56
3.56
3.56
3.56
3.56
3.56
3.56
3.56
3.56
3.56
3.56
3.56
3.56
3.56
3.56
3.56
3.56
3.30
3.30
3.30
3.30
3.30
3.30
3.30
3.30
3.30
3.30
3.30
3.30
3.30
3.25
3.25
3.25
3.08
3.08
3.08
3.08
3.08
3.08
3.08
3.08
3.08
3.08
3.08
3.08
3.08
3.08
3.08
3.08
2.93
3.08
2.93
2.93
3.08
3.08
2.93
2.93
3.08
2.93
2.93
2.93
2.93
3.08
2.93
2.93
2.93
3.07
3.07
3.07
3.07
3.07
3.07
3.07
3.07
3.07
3.07
3.07
3.07
3.07
3.07
3.07
3.07
3.07
3.07
3.07
3.07
3.07
3.07
2.94
2.94
2.94
2.94
2.94
2.94
2.94
2.94
2.94
2.94
2.94
2.94
2.94
2.94
2.94
2.94
2.94
3.37
3.37
3.37
3.37
3.37
3.37
3.37
3.37
3.37
3.37
3.37
3.37
3.37
3.37
3.37
3.37
3.37
3.68
3.68
3.68
3.68
3.68
3.68
3.68
3.68
3.68
3.68
3.68
3.68
3.68
3.68
3.68
3.68
3.68
3.68
3.68
3.68
3.68
3.68
3.71
3.71
3.71
3.65
3.65
3.54
3.54
3.54
3.54
3.54
3.54
3.54
3.54
3.54
3.54
3.44
3.44
3.44
3.44
3.44
3.44
3.44
3.44
3.44
3.44
3.44
3.44
3.44
3.44
3.44
3.44
3.44
3.44
3.44
3.44
3.44
3.44
3.44
3.44
3.44
3.44
3.44
3.44
3.44
3.44
3.44
3.44
3.44
3.35
3.35
3.35
3.35
3.35
3.35
3.35
3.33
3.33
3.33
3.33
3.33
3.33
3.33
3.33
3.33
3.33
3.33
3.33
3.33
3.33
3.33
3.33
3.33
3.33
3.33
3.33
3.33
3.33
3.25
3.25
3.25
3.25
3.25
3.25
3.25
3.25
3.25
3.25
3.25
3.25
3.25
3.25
3.25
3.25
3.25
3.25
3.25
3.25
3.25
3.25
3.25
3.25
3.25
3.25
3.25
3.25
3.25
3.25
3.25
3.25
3.25
3.25
3.25
3.25
3.25
3.25
3.25
3.25
3.25
3.25
3.25
3.25
3.25
3.25
3.25
3.25
3.25
3.25
3.25
3.25
3.25
3.17
3.17
3.17
3.17
3.17
3.17
3.17
3.17
3.17
3.10
3.10
3.10
3.10
3.10
3.10
3.10
3.10
3.10
3.10
3.10
3.10
3.10
3.10
3.10
3.10
3.10
3.10
3.10
3.10
3.10
3.10
3.10
3.40
3.40
3.40
3.40
3.40
3.40
3.40
3.40
3.40
3.40
3.40
3.40
3.40
3.40
3.40
3.40
3.40
3.40
3.40
3.40
3.40
3.40
3.40
3.40
3.40
3.40
3.40
3.40
3.40
3.40
3.40
3.40
3.40
3.40
3.40
3.40
3.40
3.34
3.34
3.34
3.34
3.28
3.28
3.28
3.28
3.28
3.28
3.28
3.28
3.28
3.28
3.28
3.28
3.28
3.28
3.28
3.28
3.28
3.28
3.28
3.32
3.32
3.32
3.32
3.32
3.32
3.32
3.32
3.32
3.32
3.32
3.32
3.32
3.32
3.32
3.32
3.32
3.32
3.42
3.42
3.42
3.42
3.42
3.41
3.41
3.40
3.40
3.40
3.40
3.40
3.40
3.40
3.40
3.34
3.40
3.34
3.40
3.34
3.34
3.34
3.34
3.34
3.34
3.34
3.34
3.34
3.34
3.34
3.29
3.29
3.29
3.29
3.29
3.29
3.29
3.29
3.29
3.29
3.29
3.29
3.29
3.29
3.29
3.29
3.29
3.27
3.27
3.27
3.27
3.27
3.27
3.27
3.23
3.27
3.31
3.23
3.26
3.26
3.23
3.26
3.26
3.26
3.23
3.26
3.26
3.26
3.26
3.26
3.26
3.21
3.21
3.21
3.21
3.21
3.21
3.21
3.21
3.21
3.21
3.21
3.21
3.21
3.21
3.21
3.21
3.21
3.21
3.21
3.21
3.21
3.33
3.33
3.33
3.33
3.33
3.33
3.33
3.33
3.33
3.33
3.33
3.33
3.33
3.33
3.33
3.33
3.33
3.33
3.33
3.33
3.33
3.33
3.33
3.33
3.39
3.35
3.35
3.35
3.35
3.35
3.35
3.35
3.35
3.35
3.35
3.30
3.30
3.30
3.30
3.30
3.30
3.30
3.30
3.30
3.30
3.30
3.30
3.30
3.30
3.30
3.30
3.30
3.30
3.30
3.30
3.30
3.30
3.30
3.30
3.30
3.30
3.30
3.30
3.30
3.30
3.30
3.30
3.30
3.30
3.30
3.30
3.30
3.30
3.30
3.30
3.30
3.30
3.30
3.30
3.30
3.30
3.30
3.30
3.30
3.30
3.30
3.30
3.30
3.30
3.30
3.30
3.30
3.30
3.30
3.30
3.30
3.30
3.30
3.30
3.30
3.30
3.30
3.30
3.30
3.30
3.30
3.30
3.30
3.30
3.30
3.29
3.29
3.25
3.21
3.21
3.21
3.21
3.18
3.18
3.18
3.18
3.18
3.18
3.18
3.18
3.18
3.18
3.18
3.18
3.18
3.18
3.18
3.18
3.18
3.18
3.18
3.18
3.18
3.18
3.18
3.18
3.18
3.18
3.18
3.18
3.18
3.18
3.18
3.18
3.18
3.18
3.18
3.18
3.18
3.18
3.18
3.18
3.18
3.18
3.18
3.18
3.18
3.18
3.18
3.18
3.18
3.18
3.18
3.24
3.24
3.24
3.24
3.24
3.24
3.24
3.24
3.24
3.24
3.24
3.24
3.24
3.24
3.24
3.24
3.24
3.24
3.24
3.24
3.24
3.24
3.24
3.24
3.24
3.24
3.24
3.24
3.24
3.24
3.24
3.24
3.24
3.24
3.24
3.24
3.24
3.24
3.24
3.27
3.27
3.27
3.27
3.27
3.27
3.27
3.27
3.27
3.27
3.27
3.27
3.27
3.27
3.27
3.27
3.27
3.27
3.27
3.27
3.27
3.27
3.27
3.24
3.24
3.24
3.24
3.24
3.24
3.24
3.24
3.32
3.32
3.32
3.32
3.32
3.32
3.32
3.32
3.32
3.32
3.32
3.32
3.32
3.32
3.32
3.32
3.32
3.32
3.32
3.32
3.32
3.32
3.32
3.32
3.32
3.32
3.32
3.32
3.32
3.32
3.32
3.32
3.32
3.32
3.32
3.32
3.32
3.32
3.28
3.28
3.28
3.28
3.28
3.28
3.28
3.28
3.28
3.28
3.28
3.28
3.28
3.28
3.28
3.28
3.28
3.28
3.28
3.28
3.28
3.28
3.28
3.28
3.28
3.28
3.28
3.28
3.28
3.28
3.28
3.28
3.28
3.28
3.28
3.28
3.28
3.28
3.28
3.28
3.28
3.28
3.28
3.28
3.28
3.28
3.28
3.28
3.28
3.28
3.28
3.28
3.28
3.28
3.28
3.28
3.28
3.28
3.28
3.24
3.24
3.24
3.24
3.24
3.24
3.24
3.24
3.24
3.24
3.24
3.23
3.23
3.24
3.28
3.24
3.28
3.24
3.28
3.28
3.28
3.28
3.28
3.28
3.28
3.28
3.28
3.28
3.28
3.28
3.25
3.25
3.25
3.25
3.25
3.25
3.25
3.25
3.22
3.22
3.22
3.22
3.22
3.22
3.22
3.22
3.22
3.22
3.22
3.22
3.22
3.22
3.22
3.22
3.22
3.22
3.21
3.21
3.21
3.21
3.21
3.21
3.21
3.21
3.21
3.21
3.21
3.21
3.21
3.21
3.21
3.24
3.24
3.24
3.24
3.35
3.32
3.32
3.32
3.32
3.32
3.32
3.32
3.32
3.32
3.32
3.32
3.32
3.31
3.31
3.30
3.30
3.30
3.30
3.30
3.30
3.30
3.30
3.30
3.30
3.30
3.30
3.30
3.30
3.30
3.30
3.30
3.30
3.30
3.30
3.32
3.32
3.32
3.32
3.32
3.32
3.32
3.33
3.37
3.37
3.37
3.37
3.37
3.37
3.37
3.37
3.37
3.37
3.37
3.37
3.37
3.37
3.37
3.37
3.37
3.37
3.45
3.45
3.45
3.45
3.45
3.45
3.45
3.45
3.55
3.55
3.55
3.55
3.55
3.55
3.55
3.55
3.55
3.55
3.55
3.57
3.57
3.58
3.58
3.58
3.58
3.58
3.58
3.62
3.62
3.62
3.62
3.62
3.62
3.62
3.62
3.62
3.62
3.62
3.62
3.62
3.62
3.62
3.62
3.62
3.62
3.62
3.62
3.62
3.62
3.62
3.62
3.62
3.62
3.62
3.62
3.62
3.62
3.62
3.62
3.62
3.62
3.62
3.62
3.62
3.62
3.62
3.62
3.62
3.62
3.62
3.62
3.62
3.62
3.62
3.62
3.62
3.62
3.62
3.62
3.59
3.59
3.59
3.59
3.59
3.59
3.59
3.59
3.59
3.59
3.59
3.59
3.59
3.59
3.59
3.59
3.59
3.59
3.59
3.59
3.59
3.59
3.59
3.59
3.59
3.59
3.59
3.59
3.59
3.59
3.59
3.59
3.59
3.59
3.59
3.59
3.59
3.57
3.57
3.57
3.57
3.57
3.57
3.57
3.57
3.57
3.57
3.57
3.57
3.60
3.60
3.60
3.60
3.60
3.60
3.60
3.60
3.60
3.60
3.60
3.60
3.60
3.60
3.60
3.60
3.60
3.60
3.60
3.60
3.60
3.60
3.60
3.60
3.60
3.60
3.59
3.59
3.59
3.59
3.59
3.59
3.59
3.59
3.59
3.59
3.59
3.59
3.59
3.59
3.59
3.59
3.59
3.59
3.59
3.59
3.59
3.59
3.59
3.59
3.59
3.59
3.59
3.59
3.59
3.59
3.59
3.59
3.59
3.59
3.59
3.59
3.59
3.59
3.59
3.59
3.59
3.59
3.59
3.59
3.59
3.59
3.59
3.59
3.59
3.59
3.59
3.59
3.59
3.59
3.59
3.59
3.59
3.59
3.59
3.59
3.59
3.59
3.59
3.59
3.59
3.59
3.59
3.59
3.59
3.59
3.59
3.59
3.59
3.57
3.57
3.57
3.57
3.57
3.57
3.57
3.57
3.57
3.57
3.57
3.57
3.57
3.57
3.57
3.57
3.57
3.57
3.57
3.57
3.57
3.57
3.57
3.57
3.57
3.57
3.57
3.57
3.57
3.57
3.57
3.57
3.57
3.57
3.57
3.57
3.57
3.54
3.54
3.54
3.54
3.54
3.54
3.54
3.54
3.54
3.54
3.54
3.54
3.54
3.54
3.54
3.54
3.52
3.52
3.52
3.52
3.52
3.52
3.52
3.52
3.52
3.52
3.52
3.52
3.52
3.52
3.52
3.52
3.52
3.52
3.52
3.52
3.52
3.52
3.52
3.52
3.52
3.52
3.52
3.52
3.52
3.52
3.52
3.52
3.52
3.52
3.52
3.52
3.52
3.52
3.52
3.52
3.52
3.52
3.52
3.52
3.52
3.52
3.52
3.52
3.52
3.52
3.52
3.52
3.52
3.49
3.49
3.49
3.49
3.47
3.47
3.47
3.47
3.47
3.47
3.47
3.47
3.47
3.47
3.47
3.47
3.47
3.47
3.47
3.46
3.46
3.46
3.46
3.46
3.46
3.46
3.46
3.46
3.46
3.46
3.46
3.46
3.46
3.46
3.46
3.46
3.46
3.46
3.46
3.46
3.46
3.46
3.44
3.44
3.44
3.44
3.44
3.44
3.44
3.44
3.41
3.41
3.41
3.41
3.41
3.41
3.41
3.41
3.41
3.41
3.41
3.41
3.41
3.41
3.41
3.41
3.41
3.41
3.39
3.39
3.39
3.39
3.39
3.39
3.39
3.45
3.45
3.45
3.45
3.45
3.45
3.45
3.45
3.45
3.45
3.45
3.45
3.45
3.45
3.45
3.45
3.45
3.45
3.45
3.45
3.45
3.45
3.45
3.45
3.45
3.45
3.45
3.45
3.45
3.45
3.45
3.45
3.45
3.45
3.45
3.45
3.45
3.45
3.45
3.45
3.45
3.42
3.42
3.42
3.42
3.42
3.42
3.42
3.42
3.42
3.42
3.42
3.41
3.42
3.41
3.41
3.41
3.41
3.41
3.41
3.44
3.44
3.44
3.44
3.44
3.44
3.49
3.49
3.49
3.49
3.49
3.49
3.49
3.49
3.49
3.46
3.46
3.46
3.46
3.46
3.46
3.46
3.46
3.46
3.46
3.46
3.46
3.46
3.46
3.46
3.44
3.44
3.44
3.47
3.47
3.47
3.47
3.47
3.47
3.47
3.50
3.50
3.50
3.50
3.50
3.50
3.50
3.50
3.50
3.50
3.50
3.50
3.50
3.50
3.50
3.50
3.50
3.50
3.50
3.50
3.50
3.50
3.50
3.50
3.50
3.50
3.50
3.50
3.50
3.50
3.50
3.50
3.50
3.50
3.50
3.50
3.50
3.50
3.50
3.50
3.50
3.50
3.50
3.50
3.50
3.50
3.51
3.51
3.51
3.51
3.51
3.51
3.51
3.51
3.51
3.51
3.53
3.53
3.53
3.53
3.53
3.53
3.53
3.53
3.53
3.53
3.53
3.53
3.53
3.53
3.53
3.53
3.53
3.53
3.53
3.53
3.53
3.53
3.53
3.53
3.53
3.53
3.53
3.53
3.53
3.53
3.54
3.54
3.54
3.54
3.54
3.54
3.54
3.54
3.54
3.54
3.54
3.54
3.54
3.54
3.54
3.54
3.54
3.54
3.54
3.54
3.54
3.54
3.54
3.54
3.54
3.54
3.54
3.54
3.54
3.55
3.56
3.56
3.56
3.56
3.56
3.56
3.56
3.56
3.56
3.56
3.56
3.56
3.56
3.54
3.51
3.51
3.51
3.51
3.51
3.51
3.51
3.51
3.51
3.51
3.51
3.51
3.51
3.51
3.51
3.51
3.51
3.56
3.56
3.56
3.56
3.56
3.56
3.56
3.56
3.56
3.56
3.56
3.56
3.56
3.56
3.56
3.56
3.56
3.56
3.56
3.56
3.56
3.54
3.54
3.54
3.54
3.54
3.54
3.54
3.54
3.54
3.54
3.54
3.54
3.54
3.54
3.54
3.54
3.54
3.54
3.54
3.54
3.54
3.54
3.54
3.54
3.54
3.54
3.52
3.54
3.54
3.54
3.54
3.54
3.54
3.54
3.54
3.54
3.54
3.54
3.54
3.54
3.54
3.54
3.54
3.54
3.54
3.54
3.54
3.54
3.54
3.54
3.54
3.54
3.54
3.54
3.54
3.54
3.54
3.54
3.54
3.54
3.54
3.54
3.52
3.52
3.52
3.52
3.52
3.52
3.52
3.56
3.56
3.56
3.56
3.56
3.56
3.56
3.56
3.56
3.56
3.56
3.56
3.56
3.56
3.56
3.56
3.56
3.56
3.56
3.56
3.56
3.56
3.56
3.56
3.56
3.56
3.56
3.56
3.56
3.56
3.56
3.56
3.56
3.56
3.56
3.56
3.56
3.56
3.56
3.56
3.56
3.56
3.56
3.56
3.56
3.56
3.56
3.56
3.56
3.56
3.56
3.66
3.66
3.56
3.66
3.66
3.66
3.66
3.66
3.66
3.66
3.66
3.66
3.66
3.66
3.66
3.66
3.66
3.66
3.66
3.66
3.66
3.66
3.66
3.66
